<?xml version="1.0"?>
<opencv_storage>
<frameCount>25</frameCount>
<intrinsic type_id="opencv-matrix">
  <rows>3</rows>
  <cols>3</cols>
  <dt>d</dt>
  <data>
    1.1063976635173633e+02 0. 3.5049443553416887e+02 0.
    4.4164974581321694e+01 2.8499272415474604e+02 0. 0. 1.</data></intrinsic>
<Rotation type_id="opencv-matrix">
  <rows>3</rows>
  <cols>1</cols>
  <dt>d</dt>
  <data>
    2.9607998243127929e+00 -2.4631343568785505e-01
    -3.1480845471126194e-02</data></Rotation>
<translation type_id="opencv-matrix">
  <rows>3</rows>
  <cols>1</cols>
  <dt>d</dt>
  <data>
    -9.0910041038584151e+00 5.2024033326633727e+00
    3.0786972873285681e+00</data></translation>
<distCoeffs type_id="opencv-matrix">
  <rows>1</rows>
  <cols>5</cols>
  <dt>d</dt>
  <data>
    8.7097424068296471e-04 -6.8489935606556725e-06
    2.9504722100759479e-03 2.3625723051963390e-04
    -1.3090879052251390e-05</data></distCoeffs>
</opencv_storage>
